Webots Project File version R2025a
perspectives: 000000ff00000000fd0000000200000001000003b5000005d9fc0200000001fb0000001400540065007800740045006400690074006f0072010000001d000005d90000009200ffffff0000000200000a0000000189fc0100000001fb0000001a0043006f006e0073006f006c00650041006c006c0041006c006c010000000000000987000000000000000000000649000005d900000001000000020000000100000008fc00000000
simulationViewPerspectives: 000000ff00000001000000020000017c000004860100000002010000000100
sceneTreePerspectives: 000000ff0000000100000003000000260000034c000001420100000002010000000200
minimizedPerspectives: 000000ff00000000fd000000010000000200000a0000000189fc0100000002fb0000001a0043006f006e0073006f006c00650041006c006c0041006c006c0100000000000009870000006900fffffffb0000001400540065007800740045006400690074006f00720100000989000000770000007500ffffff00000a000000044e00000001000000020000000100000008fc00000000
maximizedDockId: -1
centralWidgetVisible: 1
orthographicViewHeight: 1
textFiles: 0 "controllers/navigation_fridge/navigation_fridge.py" "controllers/tiago_eurobin/tiago_eurobin.py"
renderingDevicePerspectives: TIAGo:Astra depth;1;0.352083;0;0
renderingDevicePerspectives: TIAGo:Astra rgb;1;0.634375;0.427558;0.0195531
renderingDevicePerspectives: TIAGo:camera;1;0.539063;0;0
